0.0131502	0.013209	0.0132608	0.0133058	0.0133438	0.0133748	0.013399	0.0134163	0.0134266	0.0134301	0.0134266	0.0134163	0.013399	0.0133748	0.0133438	0.0133058	0.0132608	0.013209	0.0131502	0.0130845	0.013209	0.0132678	0.0133196	0.0133645	0.0134025	0.0134335	0.0134577	0.013475	0.0134853	0.0134888	0.0134853	0.013475	0.0134577	0.0134335	0.0134025	0.0133645	0.0133196	0.0132678	0.013209	0.0131433	0.0132608	0.0133196	0.0133714	0.0134163	0.0134543	0.0134853	0.0135095	0.0135267	0.0135371	0.0135405	0.0135371	0.0135267	0.0135095	0.0134853	0.0134543	0.0134163	0.0133714	0.0133196	0.0132608	0.0131952	0.0133058	0.0133645	0.0134163	0.0134612	0.0134991	0.0135302	0.0135543	0.0135716	0.0135819	0.0135854	0.0135819	0.0135716	0.0135543	0.0135302	0.0134991	0.0134612	0.0134163	0.0133645	0.0133058	0.0132401	0.0133438	0.0134025	0.0134543	0.0134991	0.0135371	0.0135681	0.0135923	0.0136095	0.0136199	0.0136233	0.0136199	0.0136095	0.0135923	0.0135681	0.0135371	0.0134991	0.0134543	0.0134025	0.0133438	0.0132781	0.0133748	0.0134335	0.0134853	0.0135302	0.0135681	0.0135992	0.0136233	0.0136406	0.0136509	0.0136544	0.0136509	0.0136406	0.0136233	0.0135992	0.0135681	0.0135302	0.0134853	0.0134335	0.0133748	0.0133092	0.013399	0.0134577	0.0135095	0.0135543	0.0135923	0.0136233	0.0136475	0.0136647	0.013675	0.0136785	0.013675	0.0136647	0.0136475	0.0136233	0.0135923	0.0135543	0.0135095	0.0134577	0.013399	0.0133334	0.0134163	0.013475	0.0135267	0.0135716	0.0136095	0.0136406	0.0136647	0.0136819	0.0136923	0.0136957	0.0136923	0.0136819	0.0136647	0.0136406	0.0136095	0.0135716	0.0135267	0.013475	0.0134163	0.0133507	0.0134266	0.0134853	0.0135371	0.0135819	0.0136199	0.0136509	0.013675	0.0136923	0.0137026	0.0137061	0.0137026	0.0136923	0.013675	0.0136509	0.0136199	0.0135819	0.0135371	0.0134853	0.0134266	0.013361	0.0134301	0.0134888	0.0135405	0.0135854	0.0136233	0.0136544	0.0136785	0.0136957	0.0137061	0.0137095	0.0137061	0.0136957	0.0136785	0.0136544	0.0136233	0.0135854	0.0135405	0.0134888	0.0134301	0.0133645	0.0134266	0.0134853	0.0135371	0.0135819	0.0136199	0.0136509	0.013675	0.0136923	0.0137026	0.0137061	0.0137026	0.0136923	0.013675	0.0136509	0.0136199	0.0135819	0.0135371	0.0134853	0.0134266	0.013361	0.0134163	0.013475	0.0135267	0.0135716	0.0136095	0.0136406	0.0136647	0.0136819	0.0136923	0.0136957	0.0136923	0.0136819	0.0136647	0.0136406	0.0136095	0.0135716	0.0135267	0.013475	0.0134163	0.0133507	0.013399	0.0134577	0.0135095	0.0135543	0.0135923	0.0136233	0.0136475	0.0136647	0.013675	0.0136785	0.013675	0.0136647	0.0136475	0.0136233	0.0135923	0.0135543	0.0135095	0.0134577	0.013399	0.0133334	0.0133748	0.0134335	0.0134853	0.0135302	0.0135681	0.0135992	0.0136233	0.0136406	0.0136509	0.0136544	0.0136509	0.0136406	0.0136233	0.0135992	0.0135681	0.0135302	0.0134853	0.0134335	0.0133748	0.0133092	0.0133438	0.0134025	0.0134543	0.0134991	0.0135371	0.0135681	0.0135923	0.0136095	0.0136199	0.0136233	0.0136199	0.0136095	0.0135923	0.0135681	0.0135371	0.0134991	0.0134543	0.0134025	0.0133438	0.0132781	0.0133058	0.0133645	0.0134163	0.0134612	0.0134991	0.0135302	0.0135543	0.0135716	0.0135819	0.0135854	0.0135819	0.0135716	0.0135543	0.0135302	0.0134991	0.0134612	0.0134163	0.0133645	0.0133058	0.0132401	0.0132608	0.0133196	0.0133714	0.0134163	0.0134543	0.0134853	0.0135095	0.0135267	0.0135371	0.0135405	0.0135371	0.0135267	0.0135095	0.0134853	0.0134543	0.0134163	0.0133714	0.0133196	0.0132608	0.0131952	0.013209	0.0132678	0.0133196	0.0133645	0.0134025	0.0134335	0.0134577	0.013475	0.0134853	0.0134888	0.0134853	0.013475	0.0134577	0.0134335	0.0134025	0.0133645	0.0133196	0.0132678	0.013209	0.0131433	0.0131502	0.013209	0.0132608	0.0133058	0.0133438	0.0133748	0.013399	0.0134163	0.0134266	0.0134301	0.0134266	0.0134163	0.013399	0.0133748	0.0133438	0.0133058	0.0132608	0.013209	0.0131502	0.0130845	0.0130845	0.0131433	0.0131952	0.0132401	0.0132781	0.0133092	0.0133334	0.0133507	0.013361	0.0133645	0.013361	0.0133507	0.0133334	0.0133092	0.0132781	0.0132401	0.0131952	0.0131433	0.0130845	0.0130188	
